%YAML:1.0
---
image_width: 864
image_height: 864
camera_matrix: !!opencv-matrix
   rows: 3
   cols: 3
   dt: d
   data: [ 926.42715069678229, 0., 432., 0., 926.42715069678229, 432.,
       0., 0., 1. ]
distortion_coefficients: !!opencv-matrix
   rows: 1
   cols: 5
   dt: d
   data: [ 0., 0., 0., 0., 0. ]
